Average Price/Time (Dollar)
1.27 
0.57 
0.90 
1.29 
1.26 
0.57 
1.70 
1.50 
0.77 
1.38 
1.67 
0.75 
1.00 
0.44 
2.08 
0.94 


1.47 
0.21 
1.42 
1.08 
0.67 
1.67 
3.67 
1.43 
1.67 
1.09 
2.34 
0.75 
0.67 
0.52 



1.36 
0.97 
0.74 
5.81 
1.25 
1.29 
1.39 
0.92 
0.70 

1.00 
2.33 

2.45 

1.25 
0.87 
0.52 


2.08 


2.67 
10.90 
1.82 
1.11 
0.25 
1.23 




0.57 
1.32 
1.11 
0.75 

0.46 


0.46 







0.95 









0.50 
1.78 








1.26 





0.12 

1.45 







3.13 



1.07 







































0.60 



0.55 
0.51 






























0.82 













































1.01 

0.18 

















































































































































































0.65 






















































































































































































































































1.50 

0.83 































0.42 





































































































































































































































