最终众筹金额			中位数	平均数
7802995 		All	67,549 	178,647 
3299560 		Top100	531,494 	715,200 
3076914 		Top50	832,996 	1,087,270 
1490048 		Top10	1,290,029 	2,300,042 
1291077 				
1288981 				
1237291 				
1209723 				
1154705 				
1149129 				
1143131 				
1104571 				
1100442 				
1046319 				
1029225 				
990017 				
937505 				
924716 				
917266 				
911455 				
907821 				
899350 				
866368 				
844585 				
838885 				
827107 				
783397 				
761168 				
748137 				
743924 				
736102 				
727244 				
714338 				
712736 				
708972 				
706255 				
690268 				
689833 				
678205 				
676745 				
666878 				
651771 				
648319 				
619337 				
613975 				
588007 				
570021 				
564721 				
542449 				
531494 				
522670 				
510096 				
470158 				
456685 				
452653 				
447513 				
439389 				
422112 				
418682 				
407880 				
384512 				
379782 				
377268 				
374501 				
370050 				
363296 				
349598 				
349583 				
341469 				
335247 				
330816 				
327418 				
327304 				
326426 				
318925 				
313959 				
311542 				
311315 				
309177 				
306132 				
				
292048 				
290515 				
287472 				
287406 				
284025 				
281953 				
276573 				
274636 				
270834 				
268216 				
263705 				
257463 				
256508 				
254157 				
250636 				
250329 				
246953 				
247007 				
244715 				
243858 				
243052 				
241954 				
241710 				
241175 				
240394 				
239763 				
239287 				
238334 				
249706 				
232395 				
231660 				
230698 				
230470 				
229377 				
229319 				
227449 				
226950 				
225480 				
221416 				
220858 				
219163 				
215931 				
216343 				
211813 				
205920 				
205012 				
204322 				
201285 				
200800 				
199593 				
198704 				
196815 				
196249 				
195170 				
193397 				
191173 				
189558 				
186817 				
185627 				
184738 				
183979 				
183456 				
182603 				
182547 				
182335 				
181815 				
180269 				
179159 				
178208 				
177005 				
176537 				
175730 				
174535 				
174410 				
173795 				
172936 				
170552 				
169607 				
169559 				
168520 				
167923 				
167681 				
165733 				
164425 				
160930 				
157870 				
155968 				
154365 				
151125 				
150348 				
150184 				
148116 				
147190 				
146425 				
144318 				
142622 				
141931 				
141232 				
140282 				
137959 				
137914 				
136626 				
133767 				
132299 				
132245 				
				
131866 				
130841 				
130542 				
128775 				
123975 				
121461 				
123201 				
122868 				
122649 				
122570 				
122091 				
121012 				
120233 				
119769 				
119388 				
119044 				
118545 				
116993 				
116419 				
116222 				
115281 				
114656 				
114603 				
114415 				
113366 				
112621 				
112073 				
111931 				
110091 				
109401 				
108430 				
108036 				
107809 				
107590 				
106747 				
106515 				
105278 				
104916 				
105163 				
105041 				
104736 				
104198 				
103178 				
102539 				
101268 				
100257 				
99438 				
98344 				
				
96935 				
95497 				
92798 				
92111 				
92004 				
91927 				
91724 				
91717 				
90340 				
89807 				
88876 				
88802 				
88573 				
88484 				
88193 				
87558 				
87320 				
87186 				
87176 				
85008 				
83766 				
83645 				
83615 				
83571 				
83559 				
82942 				
82689 				
81884 				
81232 				
80609 				
79903 				
79409 				
78450 				
77720 				
77451 				
77286 				
77279 				
77217 				
77026 				
76857 				
76473 				
76387 				
76364 				
75863 				
75763 				
75475 				
74247 				
74029 				
73793 				
73280 				
73048 				
73048 				
72796 				
72549 				
72418 				
72110 				
71839 				
71789 				
71751 				
71214 				
71082 				
70450 				
69232 				
69197 				
69119 				
68797 				
68325 				
67891 				
67847 				
67251 				
67190 				
66980 				
66646 				
66238 				
65579 				
65035 				
64952 				
64430 				
64559 				
64557 				
64550 				
64504 				
64425 				
63331 				
63498 				
63194 				
62834 				
62368 				
61807 				
61511 				
61508 				
61194 				
60751 				
60894 				
60553 				
60461 				
60072 				
59802 				
59133 				
58769 				
58671 				
58215 				
58147 				
57866 				
57596 				
56316 				
56270 				
56035 				
55335 				
55196 				
54851 				
53866 				
53847 				
53798 				
53403 				
52960 				
52664 				
51550 				
51409 				
51360 				
51110 				
51070 				
51063 				
50723 				
50358 				
50279 				
49716 				
49224 				
49097 				
48738 				
48526 				
48267 				
48167 				
47762 				
47575 				
47400 				
47371 				
46699 				
46425 				
46278 				
45875 				
45724 				
45722 				
45380 				
45190 				
45165 				
44713 				
44561 				
44529 				
44439 				
43556 				
43440 				
42751 				
42525 				
41712 				
41605 				
41461 				
41340 				
41299 				
40940 				
40901 				
40839 				
40685 				
40636 				
40298 				
40067 				
39846 				
39773 				
39360 				
38701 				
39253 				
39235 				
39102 				
39061 				
38976 				
38973 				
38874 				
38755 				
38495 				
38297 				
38139 				
38126 				
37580 				
37560 				
37072 				
37232 				
37079 				
37076 				
37050 				
36360 				
36135 				
35907 				
35859 				
35852 				
35710 				
35450 				
35128 				
34823 				
34674 				
34140 				
33323 				
33221 				
33193 				
33136 				
32916 				
32904 				
32714 				
32199 				
32099 				
31958 				
31777 				
31764 				
31176 				
31166 				
31162 				
31114 				
31114 				
30878 				
30843 				
30577 				
30739 				
30413 				
30318 				
30233 				
30155 				
30024 				
30010 				
29757 				
29608 				
29539 				
29525 				
29046 				
28892 				
28881 				
28821 				
28766 				
28149 				
28109 				
28048 				
27752 				
27722 				
27400 				
27306 				
26919 				
26842 				
26777 				
26742 				
26436 				
26158 				
26142 				
25911 				
25787 				
25553 				
25387 				
25347 				
25191 				
25177 				
25123 				
25037 				
24972 				
24929 				
24878 				
24811 				
24770 				
24537 				
24455 				
24413 				
24028 				
23958 				
23898 				
23832 				
23818 				
23140 				
22971 				
22938 				
22477 				
22624 				
22483 				
22213 				
22181 				
22079 				
22050 				
22010 				
21623 				
21601 				
21445 				
21185 				
21076 				
21050 				
20920 				
20983 				
20970 				
20948 				
20908 				
20886 				
20848 				
20693 				
20674 				
20476 				
20292 				
20266 				
20211 				
20048 				
				
19453 				
19311 				
19248 				
18777 				
18111 				
18040 				
17864 				
17197 				
16908 				
16657 				
16503 				
16485 				
16385 				
16355 				
16266 				
16190 				
15838 				
15416 				
15300 				
14892 				
14272 				
14171 				
14081 				
13826 				
13675 				
13363 				
13411 				
13190 				
13029 				
12917 				
12910 				
12791 				
12556 				
12446 				
12327 				
12316 				
12224 				
12152 				
12045 				
				
11959 				
11903 				
11627 				
10892 				
10844 				
10804 				
10650 				
10636 				
10625 				
10590 				
10557 				
10339 				
10301 				
10170 				
10095 				
10056 				
9885 				
9386 				
				
7850 				
7627 				
7182 				
6984 				
5594 				
5565 				
5465 				
4982 				
3020 				
3006 				
1569 				
