上手难度		上手难度			All	上手难度	count	Top100	上手难度	count	Top50	上手难度	count	Top10	上手难度	count
4		4				1	1		2	1		3	2		4	7
5		5				2	22		3	7		4	20		5	1
4		4	行标签	计数项:上手难度		3	70		4	44		5	16		6	1
4		4	1	1		4	167		5	21		6	4		7	1
6		6	2	22		5	64		6	12		7	3		(空白)	
4		4	3	70		6	55		7	4		8	3			
4		4	4	167		7	28		8	8		9	2			
4		4	5	64		8	14		9	3		(空白)				
4		4	6	55		9	6		(空白)							
7		7	7	28		(空白)										
5			8	14												
5			9	6												
4			(空白)													
5			总计	427												
5																
5																
5																
4																
5																
9																
4																
3																
5																
5																
4																
5																
5																
4																
7																
4																
5																
5																
4																
5																
7																
6																
3																
4																
8																
5																
4																
8																
8																
9																
4																
6																
4																
6																
4																
4																
4																
5																
4																
4																
6																
4																
4																
8																
8																
4																
6																
4																
4																
4																
7																
3																
5																
6																
8																
6																
4																
5																
3																
3																
8																
6																
5																
3																
6																
4																
8																
4																
3																
6																
4																
4																
4																
4																
4																
2																
9																
4																
5																
4																
4																
6																
4																
4																
4																
4																
5																
6																
7																
5																
4																
1																
6																
5																
4																
3																
3																
4																
5																
4																
4																
4																
4																
5																
4																
4																
4																
6																
4																
7																
3																
6																
7																
7																
4																
7																
5																
5																
3																
4																
5																
4																
4																
4																
4																
5																
5																
6																
6																
4																
6																
2																
4																
3																
5																
6																
6																
4																
4																
4																
4																
5																
4																
5																
4																
4																
3																
3																
2																
4																
3																
8																
5																
3																
8																
5																
6																
7																
8																
4																
3																
4																
7																
5																
6																
6																
4																
4																
4																
6																
7																
3																
6																
6																
6																
7																
4																
7																
6																
4																
7																
4																
6																
7																
6																
6																
6																
3																
3																
4																
3																
6																
4																
3																
3																
4																
4																
4																
6																
6																
5																
5																
6																
3																
3																
5																
6																
6																
4																
5																
7																
4																
4																
4																
4																
5																
4																
4																
9																
5																
8																
4																
5																
4																
3																
5																
3																
7																
3																
3																
3																
5																
4																
3																
4																
4																
5																
6																
7																
4																
4																
3																
3																
5																
3																
2																
5																
3																
3																
2																
5																
3																
4																
3																
4																
5																
7																
2																
2																
6																
6																
4																
2																
3																
3																
4																
4																
4																
4																
4																
3																
4																
8																
7																
5																
2																
6																
4																
6																
3																
4																
4																
4																
5																
6																
6																
4																
4																
3																
3																
4																
5																
3																
2																
3																
2																
7																
4																
7																
4																
4																
4																
2																
2																
4																
3																
3																
4																
4																
2																
5																
3																
3																
4																
4																
3																
4																
3																
3																
4																
4																
3																
4																
4																
2																
4																
4																
3																
4																
4																
5																
4																
4																
3																
9																
4																
4																
4																
4																
4																
4																
5																
5																
4																
4																
4																
4																
6																
5																
3																
2																
3																
3																
3																
5																
2																
4																
6																
3																
2																
4																
4																
4																
3																
4																
4																
4																
2																
2																
3																
3																
2																
4																
3																
6																
3																
5																
8																
3																
4																
5																
9																
6																
2																
6																
7																
5																
4																
4																
4																
4																
6																
4																
4																
7																
3																
7																
6																
4																
3																
6																
4																
5																
4																
4																
7																
4																
7																
4																
4																
6																
4																
3																
