出版年		出版年	count
2019		1976	2
2021		1983	1
2020		1985	1
2021		1994	1
2018		2001	1
2020		2002	2
2018		2003	1
2021		2004	1
2019		2005	1
2019		2006	1
2021		2007	2
2022		2008	5
2019		2009	2
2017		2010	2
2018		2011	1
2021		2012	6
2020		2013	3
2018		2014	7
2016		2015	10
2021		2016	31
2021		2017	38
2020		2018	69
2020		2019	84
2009		2020	64
2021		2021	90
2019		2022	1
2020		(空白)	
2019			
2011			
2018			
2018			
2019			
2019			
2020			
2019			
2014			
2021			
2021			
2018			
2019			
2018			
2002			
2021			
2019			
2019			
2018			
2020			
2018			
2020			
2021			
2020			
2020			
2021			
2019			
2016			
2018			
2019			
2019			
2018			
2019			
2021			
2021			
2018			
2021			
2019			
2021			
2018			
2021			
2012			
2008			
2020			
2018			
2017			
2014			
2005			
2021			
2020			
2018			
2018			
2019			
2015			
2016			
2009			
2016			
2018			
2021			
2020			
2021			
2021			
2015			
2014			
2019			
1976			
2019			
2013			
2008			
2020			
2021			
2019			
2019			
2016			
2016			
2015			
2016			
2020			
2021			
2019			
2020			
2016			
2015			
2021			
2019			
2020			
2016			
2020			
2019			
2019			
2020			
2016			
2015			
2018			
2021			
2021			
2021			
2018			
2021			
2020			
2017			
2019			
2017			
2021			
2020			
2007			
2019			
2012			
2019			
2021			
2020			
2017			
2017			
2016			
2021			
2008			
2020			
2018			
2015			
2018			
2020			
2020			
2019			
2018			
2020			
2020			
2018			
2021			
1976			
2020			
2020			
2020			
2021			
2017			
2019			
2018			
2021			
2019			
2021			
2018			
2017			
2021			
2018			
2021			
1994			
2019			
2020			
2016			
2017			
2018			
2014			
2021			
2016			
2016			
2019			
2021			
2021			
2019			
2021			
2016			
2021			
2016			
2013			
2020			
2006			
2002			
2021			
2004			
2019			
2018			
2021			
2016			
2018			
2016			
2016			
2019			
2020			
2019			
2018			
2014			
2021			
2019			
2016			
2021			
2015			
2008			
2017			
2018			
2013			
2018			
2019			
2015			
2017			
2008			
1983			
2021			
2020			
2017			
2021			
2021			
2021			
2020			
2018			
2019			
2019			
1985			
2017			
2018			
2018			
2019			
2021			
2019			
2001			
2019			
2016			
2020			
2019			
2021			
2010			
2018			
2020			
2019			
2016			
2016			
2021			
2018			
2018			
2020			
2019			
2017			
2021			
2012			
2019			
2019			
2021			
2021			
2017			
2018			
2021			
2016			
2018			
2017			
2019			
2018			
2017			
2017			
2012			
2021			
2021			
2019			
2020			
2017			
2019			
2021			
2018			
2018			
2021			
2019			
2021			
2018			
2018			
2010			
2020			
2021			
2016			
2012			
2018			
2018			
2021			
2018			
2021			
2019			
2019			
2018			
2019			
2021			
2020			
2020			
2019			
2020			
2019			
2019			
2012			
2017			
2020			
2019			
2016			
2018			
2017			
2017			
2020			
2017			
2020			
2018			
2015			
2020			
2019			
2020			
2021			
2018			
2019			
2021			
2018			
2018			
2020			
2020			
2021			
2020			
2018			
2021			
2020			
2019			
2021			
2021			
2019			
2021			
2021			
2018			
2017			
2017			
2019			
2018			
2020			
2016			
2016			
2018			
2018			
2021			
2015			
2020			
2019			
2021			
2021			
2017			
2017			
2018			
2021			
2021			
2016			
2019			
2021			
2019			
2020			
2019			
2021			
2016			
2021			
2021			
2019			
2017			
2021			
2017			
2017			
2018			
2020			
2020			
2018			
2019			
2017			
2021			
2018			
2017			
2018			
2021			
2019			
2017			
2019			
2017			
2017			
2018			
2019			
2014			
2018			
2018			
2019			
2019			
2021			
2019			
2017			
2019			
2021			
2019			
2020			
2020			
2021			
2003			
2007			
2018			
2020			
2020			
2019			
2017			
2014			
2019			
2020			
2017			
2019			
2016			
2020			
2019			
