人均时长（分钟）					人均时长（分钟）	count		人均时长2（分钟）	count		All人均时长	Top100人均时长	Top50人均时长	Top10人均时长
300		行标签	计数项:人均时长（分钟）		0	2		0-10分钟	109		57.54566745	68.92	85.98	117
30		0	2		2	4		11-20分钟	102					
10		2	4		3	9		21-30分钟	61					
150		3	9		5	34		31-40分钟	20					
25		5	34		6	6		41-50分钟	27					
10		6	6		7	1		51-90分钟	48					
420		7	1		8	5		91-150分钟	50					
45		8	5		10	48		151-240分钟	8					
150		10	48		11	2		241-600分钟	18					
30		11	2		12	3		2000分钟	1					
12		12	3		13	1								
12		13	1		15	44								
15		15	44		16	1								
40		16	1		18	1								
10		18	1		20	49								
30		20	49		22	2								
120		22	2		25	6								
25		25	6		30	53								
15		30	53		35	2								
40		35	2		40	18								
150		40	18		45	18								
60		45	18		50	9								
120		50	9		60	27								
30		60	27		70	1								
360		70	1		75	3								
120		75	3		80	2								
75		80	2		90	15								
420		90	15		100	2								
30		100	2		120	16								
25		120	16		130	1								
45		130	1		150	15								
120		150	15		180	5								
420		180	5		200	1								
60		200	1		240	2								
50		240	2		300	7								
60		300	7		360	6								
150		360	6		420	3								
15		420	3		600	2								
45		600	2		2000	1								
30		2000	1		(空白)									
40		(空白)												
30		总计	427											
40														
50														
20														
45														
10														
150														
30														
10														
20														
40														
10														
60														
15														
10														
15														
50														
45														
180														
180														
150														
10														
40														
50														
150														
10														
20														
45														
60														
20														
10														
10														
60														
60														
5														
15														
30														
30														
30														
60														
5														
30														
15														
20														
120														
10														
150														
60														
3														
80														
40														
45														
15														
120														
300														
15														
30														
15														
30														
20														
15														
45														
15														
5														
15														
30														
15														
40														
30														
15														
30														
20														
30														
150														
30														
300														
10														
20														
90														
20														
60														
20														
30														
5														
60														
30														
45														
600														
40														
200														
100														
30														
60														
15														
90														
25														
6														
15														
15														
20														
180														
6														
10														
20														
3														
240														
15														
90														
25														
20														
5														
15														
20														
300														
60														
150														
30														
150														
60														
30														
30														
5														
0														
18														
40														
20														
15														
45														
90														
15														
180														
360														
10														
8														
22														
20														
30														
15														
45														
15														
20														
20														
30														
40														
15														
30														
360														
30														
30														
60														
360														
90														
5														
120														
40														
30														
30														
20														
30														
20														
10														
120														
120														
30														
5														
5														
10														
20														
22														
10														
20														
60														
30														
20														
45														
20														
5														
5														
30														
600														
90														
5														
30														
180														
80														
5														
10														
10														
20														
10														
90														
2000														
90														
120														
20														
30														
20														
20														
15														
150														
240														
90														
20														
10														
60														
35														
6														
20														
130														
30														
360														
50														
35														
15														
10														
5														
30														
10														
5														
60														
3														
20														
6														
50														
15														
60														
20														
5														
90														
300														
5														
2														
90														
360														
15														
5														
20														
8														
11														
5														
70														
10														
60														
6														
15														
120														
40														
120														
3														
120														
90														
90														
20														
45														
10														
60														
20														
60														
25														
10														
30														
30														
10														
8														
10														
5														
10														
8														
5														
50														
20														
300														
10														
15														
20														
10														
15														
10														
30														
20														
60														
8														
5														
15														
2														
3														
30														
3														
20														
20														
15														
3														
5														
75														
10														
10														
20														
5														
0														
13														
150														
30														
10														
10														
6														
40														
5														
75														
30														
30														
5														
11														
15														
5														
20														
15														
50														
30														
20														
45														
120														
5														
10														
10														
5														
15														
5														
60														
2														
10														
100														
10														
5														
45														
10														
90														
10														
15														
20														
16														
3														
2														
15														
15														
10														
20														
5														
15														
10														
45														
60														
5														
12														
20														
60														
30														
3														
60														
50														
120														
40														
10														
300														
20														
40														
10														
150														
45														
15														
30														
40														
30														
30														
40														
10														
150														
30														
15														
120														
15														
45														
20														
20														
90														
7														
5														
