支持者			中位数	平均数
17860		All	284 	557 
1654		Top100	958 	1678 
4356		Top50	1967 	2455 
5299		Top10	3361 	4738 
1242				
2366				
6190				
681				
1853				
5876				
880				
1302				
639				
1383				
1953				
2681				
656				
857				
512				
722				
2189				
4129				
1329				
3133				
1980				
885				
3054				
3662				
3459				
903				
3465				
4631				
2443				
3191				
443				
1132				
958				
2045				
2882				
2968				
2790				
896				
2381				
2496				
946				
3053				
563				
478				
873				
425				
929				
809				
633				
562				
496				
1233				
830				
528				
1248				
2806				
1755				
1585				
873				
1728				
705				
382				
1043				
801				
489				
288				
908				
506				
994				
1292				
578				
606				
487				
1855				
692				
442				
				
382				
619				
525				
1040				
720				
1061				
676				
469				
846				
386				
820				
620				
1745				
684				
1238				
947				
966				
555				
1025				
692				
359				
663				
1019				
670				
586				
892				
1188				
506				
214				
571				
287				
1017				
539				
589				
996				
403				
880				
671				
472				
461				
1177				
493				
357				
555				
1150				
860				
1161				
1918				
1290				
536				
917				
183				
801				
812				
340				
2000				
1088				
593				
622				
611				
571				
650				
268				
461				
327				
1662				
816				
681				
640				
506				
601				
796				
385				
761				
506				
842				
1034				
1245				
286				
509				
289				
540				
259				
1121				
546				
659				
517				
497				
667				
333				
264				
353				
468				
288				
581				
1497				
718				
315				
721				
318				
520				
291				
404				
480				
496				
				
2177				
612				
308				
555				
673				
480				
380				
321				
242				
121				
214				
565				
1678				
504				
386				
1565				
387				
237				
186				
323				
350				
340				
352				
284				
446				
284				
255				
284				
149				
1191				
240				
827				
243				
390				
276				
709				
143				
460				
143				
330				
324				
422				
258				
246				
229				
1064				
228				
281				
				
534				
382				
510				
628				
304				
868				
1329				
520				
350				
600				
808				
308				
351				
205				
846				
315				
213				
231				
142				
196				
236				
191				
214				
1289				
379				
220				
231				
260				
276				
308				
443				
594				
772				
310				
231				
247				
383				
251				
359				
597				
211				
210				
215				
775				
346				
1123				
389				
280				
540				
384				
109				
319				
315				
216				
1252				
898				
216				
194				
657				
696				
278				
133				
288				
684				
414				
177				
571				
186				
866				
214				
224				
185				
357				
214				
518				
291				
702				
299				
213				
243				
312				
189				
225				
188				
249				
519				
134				
195				
237				
561				
306				
139				
730				
258				
194				
280				
288				
173				
232				
165				
329				
124				
42				
175				
262				
797				
253				
392				
197				
232				
160				
220				
406				
481				
307				
444				
200				
332				
148				
260				
128				
237				
280				
179				
154				
311				
496				
601				
108				
169				
214				
191				
306				
202				
190				
243				
136				
135				
202				
160				
462				
157				
303				
329				
148				
202				
214				
219				
574				
288				
155				
267				
242				
119				
148				
125				
119				
266				
249				
124				
311				
81				
216				
264				
261				
123				
631				
200				
410				
97				
233				
185				
235				
167				
202				
142				
217				
109				
192				
214				
147				
117				
240				
214				
196				
133				
278				
203				
175				
123				
163				
46				
153				
97				
149				
207				
147				
123				
235				
342				
392				
196				
190				
178				
490				
367				
162				
816				
152				
382				
212				
215				
292				
165				
147				
191				
200				
101				
179				
175				
333				
107				
294				
129				
145				
74				
107				
427				
172				
291				
161				
537				
132				
156				
190				
220				
247				
206				
79				
201				
179				
118				
160				
158				
249				
276				
206				
96				
264				
194				
92				
330				
162				
160				
56				
75				
107				
119				
274				
398				
198				
239				
178				
260				
195				
65				
166				
128				
107				
262				
130				
237				
128				
97				
121				
234				
132				
201				
66				
163				
296				
140				
224				
95				
180				
100				
257				
158				
99				
193				
148				
249				
139				
171				
97				
100				
473				
246				
312				
108				
96				
132				
116				
				
121				
117				
216				
45				
102				
252				
48				
438				
113				
148				
58				
148				
128				
182				
131				
80				
64				
120				
81				
173				
138				
94				
115				
78				
109				
107				
99				
24				
131				
81				
174				
134				
60				
88				
95				
60				
141				
72				
89				
				
81				
86				
74				
87				
67				
120				
112				
54				
77				
28				
62				
86				
34				
64				
28				
130				
99				
223				
				
327				
80				
68				
113				
6				
70				
58				
48				
21				
43				
22				
